For try_train_1

Model accuracy score: 0.09090909090909091
Model Top-5 score: 0.4318181818181818
Model loss: 2.441885471343994
Confusion matrix:
[[0 3 0 0 0 0 1 0 0 0 0]
 [0 2 0 1 0 1 0 0 0 0 0]
 [0 1 0 0 0 0 3 0 0 0 0]
 [0 0 0 0 0 1 3 0 0 0 0]
 [0 0 0 0 0 0 4 0 0 0 0]
 [0 1 0 0 0 1 2 0 0 0 0]
 [0 2 0 0 0 1 1 0 0 0 0]
 [0 3 0 0 0 0 1 0 0 0 0]
 [0 0 0 1 0 1 2 0 0 0 0]
 [0 3 0 0 0 1 0 0 0 0 0]
 [0 0 0 2 0 1 1 0 0 0 0]]


For try_train
 Model accuracy score: 0.06818181818181818
Model Top-5 score: 0.5454545454545454
Model loss: 2.394347826639811
Confusion matrix:
[[0 0 0 4 0 0 0 0 0 0 0]
 [0 0 0 1 0 2 1 0 0 0 0]
 [0 3 0 0 0 0 0 0 1 0 0]
 [0 1 0 0 0 2 0 0 0 0 1]
 [0 1 0 0 0 0 0 0 2 0 1]
 [0 3 0 0 0 0 0 0 1 0 0]
 [0 2 0 1 0 1 0 0 0 0 0]
 [0 2 0 1 0 1 0 0 0 0 0]
 [0 1 0 0 0 0 0 0 2 0 1]
 [0 2 0 1 0 1 0 0 0 0 0]
 [0 1 0 2 0 0 0 0 0 0 1]]


for try_train_20
Model accuracy score: 0.09090909090909091
Model Top-5 score: 0.5681818181818182
Model loss: 2.3603790203730264


Confusion matrix:
[[0 0 0 0 0 0 0 0 4 0 0]
 [0 0 0 0 0 1 2 0 1 0 0]
 [0 3 0 0 0 0 0 0 1 0 0]
 [0 1 1 0 0 2 0 0 0 0 0]
 [0 1 0 0 0 1 0 0 2 0 0]
 [0 3 0 0 0 1 0 0 0 0 0]
 [0 0 0 0 0 2 0 0 1 1 0]
 [0 1 0 0 0 0 0 0 3 0 0]
 [0 1 0 0 0 0 0 0 3 0 0]
 [0 0 0 0 0 2 2 0 0 0 0]
 [0 1 0 0 0 0 1 0 2 0 0]]



   [[8, 0, 0, 3, 0, 0, 2, 2, 0, 3, 1]
    [0, 8, 0, 2, 0, 0, 0, 1, 3, 2, 2]
    [4, 1, 9, 1, 0, 1, 0, 2, 2, 0, 1]
    [1, 4, 0, 8, 1, 1, 0, 2, 0, 3, 0]
    [1, 2, 2, 1, 5, 3, 1, 1, 0, 0, 2]
    [2, 2, 0, 2, 1, 11, 0, 1, 1, 0, 1]
    [2, 2, 0, 1, 0, 1, 11, 2, 0, 1, 0]
    [0, 0, 0, 3, 2, 0, 2, 10, 1, 2, 2]
    [1, 0, 1, 1, 1, 0, 2, 1, 12, 1, 1]
    [0, 2, 2, 4, 0, 3, 1, 0, 0, 8, 0]
    [1, 0, 1, 2, 2, 0, 1, 3, 1, 1, 8]]
